00400014
00400014
00400014
00400014
00400048
00400048
00400048
00400048
0040006C
0040006C
0040007C
00400094
00400095
00400097
00400098
00400098
00400099
00400048
00400048
00400048
0040006C
0040006C
0040007C
00400094
00400095
00400097
00400098
00400098
00400099
00400048
00400048
00400048
0040006C
0040006C
0040007C
00400094
00400095
00400097
00400098
00400098
00400099
00400048
00400048
00400048
0040006C
0040006C
0040007C
00400094
00400095
00400097
00400098
00400098
00400099
00400048
00400048
00400048
0040006C
0040006C
0040007C
00400094
00400095
00400097
00400098
00400098
00400099


