  |CS|HIT|MISS
0 |3 |1 |0
1 |3 |1 |0
2 |3 |0 |0
3 |3 |1 |0
4 |3 |0 |0
5 |3 |0 |0
6 |3 |0 |0
7 |2 |0 |1
8 |3 |0 |0
9 |3 |0 |0
10 |3 |0 |0
11 |3 |1 |0
12 |3 |0 |0
13 |3 |0 |0
14 |3 |2 |0
15 |2 |0 |1
16 |3 |0 |0
17 |3 |0 |0
18 |3 |0 |0
19 |3 |0 |0
20 |3 |0 |0
21 |3 |1 |0
22 |3 |0 |0
23 |3 |1 |1
24 |3 |0 |0
25 |3 |0 |0
26 |3 |1 |0
27 |3 |1 |0
28 |3 |0 |0
29 |2 |1 |1
30 |3 |0 |0
31 |3 |0 |0

  yeh patt exei ta exis apotelesmata:
branhes : 5

 sinolikes epitixies:
 11  / 20 

 sinolikes apotixies:
 4  / 20 
